Year NINO34_SST
1870.0 26.13416666666667
1871.0 26.61333333333333
1872.0 26.349166666666665
1873.0 26.366666666666664
1874.0 25.992499999999996
1875.0 26.293333333333333
1876.0 26.560000000000002
1877.0 28.295
1878.0 27.61583333333333
1879.0 26.377499999999998
1880.0 26.69083333333333
1881.0 27.020833333333332
1882.0 26.599999999999998
1883.0 26.799166666666665
1884.0 27.229166666666668
1885.0 27.4425
1886.0 26.289166666666663
1887.0 26.460833333333337
1888.0 27.875
1889.0 26.966666666666665
1890.0 25.781666666666663
1891.0 27.054999999999996
1892.0 26.226666666666674
1893.0 25.814166666666665
1894.0 26.14166666666667
1895.0 27.03916666666667
1896.0 27.63
1897.0 27.133333333333336
1898.0 26.502499999999998
1899.0 27.271666666666665
1900.0 27.80333333333333
1901.0 26.9425
1902.0 27.798333333333336
1903.0 27.061666666666664
1904.0 27.051666666666666
1905.0 27.953333333333333
1906.0 27.029166666666665
1907.0 26.68583333333333
1908.0 26.549999999999997
1909.0 26.186666666666664
1910.0 26.13333333333333
1911.0 26.809166666666666
1912.0 27.275000000000002
1913.0 27.096666666666668
1914.0 27.56
1915.0 27.416666666666668
1916.0 26.132499999999997
1917.0 26.642500000000002
1918.0 27.141666666666666
1919.0 27.671666666666667
1920.0 27.2825
1921.0 26.61083333333333
1922.0 26.73
1923.0 27.09166666666667
1924.0 26.655833333333334
1925.0 27.2525
1926.0 27.584166666666665
1927.0 26.985833333333332
1928.0 26.99666666666667
1929.0 27.149166666666662
1930.0 27.779999999999998
1931.0 27.514166666666664
1932.0 27.055000000000003
1933.0 26.43583333333333
1934.0 26.57083333333333
1935.0 26.891666666666666
1936.0 27.171666666666663
1937.0 27.0725
1938.0 26.602500000000003
1939.0 26.87333333333333
1940.0 27.80083333333334
1941.0 28.171666666666667
1942.0 26.611666666666668
1943.0 26.548333333333336
1944.0 26.9575
1945.0 26.435000000000002
1946.0 26.84583333333333
1947.0 26.7975
1948.0 27.141666666666666
1949.0 26.56583333333333
1950.0 25.996666666666666
1951.0 27.1875
1952.0 26.875833333333336
1953.0 27.379999999999995
1954.0 26.475833333333338
1955.0 25.88
1956.0 26.204166666666666
1957.0 27.535833333333333
1958.0 27.492499999999996
1959.0 27.045
1960.0 26.97083333333333
1961.0 26.8725
1962.0 26.726666666666663
1963.0 27.4225
1964.0 26.519166666666667
1965.0 27.662499999999998
1966.0 27.29416666666667
1967.0 26.68416666666667
1968.0 27.038333333333338
1969.0 27.61833333333333
1970.0 26.705833333333334
1971.0 26.129166666666666
1972.0 27.838333333333328
1973.0 26.409166666666664
1974.0 26.118333333333336
1975.0 26.016666666666666
1976.0 26.97666666666667
1977.0 27.563333333333333
1978.0 26.883333333333336
1979.0 27.247500000000002
1980.0 27.203333333333333
1981.0 26.87333333333333
1982.0 27.976666666666674
1983.0 27.509166666666662
1984.0 26.340833333333336
1985.0 26.35083333333333
1986.0 27.145
1987.0 28.286666666666665
1988.0 26.043333333333337
1989.0 26.27333333333333
1990.0 27.239166666666666
1991.0 27.658333333333335
1992.0 27.686666666666664
1993.0 27.4975
1994.0 27.442500000000006
1995.0 27.037500000000005
1996.0 26.692500000000006
1997.0 28.25333333333333
1998.0 27.135
1999.0 25.96666666666667
2000.0 26.19
2001.0 26.72583333333333
2002.0 27.650000000000002
2003.0 27.301666666666673
2004.0 27.43083333333333
2005.0 27.097499999999997
2006.0 27.1575
2007.0 26.50166666666667
2008.0 26.349166666666665
2009.0 27.414166666666663
2010.0 26.631666666666664
2011.0 26.214166666666667
2012.0 27.02916666666667
2013.0 26.841666666666665
2014.0 27.3175
2015.0 28.530833333333334
2016.0 27.45833333333333
2017.0 26.86
2018.0 27.125
2019.0 27.595000000000002
2020.0 26.840833333333332
